vn -0.0000 0.2010 0.9796
vn -0.0000 -0.0000 1.0000
vn 0.0392 0.1971 0.9796
vn -0.0000 -0.0000 -1.0000
vn -0.0000 0.2010 -0.9796
vn 0.0392 0.1971 -0.9796
vn -0.0000 0.9810 -0.1939
vn -0.0000 1.0000 0.0000
vn 0.1951 0.9808 -0.0000
vn 0.1914 0.9622 -0.1939
vn -0.0000 0.3879 0.9217
vn 0.0757 0.3804 0.9217
vn -0.0000 0.9248 -0.3805
vn 0.1804 0.9070 -0.3805
vn -0.0000 0.5598 0.8286
vn 0.1092 0.5490 0.8286
vn -0.0000 0.8333 -0.5528
vn 0.1626 0.8173 -0.5528
vn -0.0000 0.7101 0.7041
vn 0.1385 0.6965 0.7041
vn -0.0000 0.7101 -0.7041
vn 0.1385 0.6965 -0.7041
vn -0.0000 0.8333 0.5528
vn 0.1626 0.8173 0.5528
vn -0.0000 0.5598 -0.8286
vn 0.1092 0.5490 -0.8286
vn -0.0000 0.9248 0.3805
vn 0.1804 0.9070 0.3805
vn -0.0000 0.3879 -0.9217
vn 0.0757 0.3804 -0.9217
vn -0.0000 0.9810 0.1939
vn 0.1914 0.9622 0.1939
vn 0.1484 0.3584 -0.9217
vn 0.0769 0.1857 -0.9796
vn 0.3754 0.9063 0.1939
vn 0.3827 0.9239 -0.0000
vn 0.0769 0.1857 0.9796
vn 0.3754 0.9063 -0.1939
vn 0.1484 0.3584 0.9217
vn 0.3539 0.8544 -0.3805
vn 0.2142 0.5172 0.8286
vn 0.3189 0.7699 -0.5528
vn 0.2718 0.6561 0.7041
vn 0.2718 0.6561 -0.7041
vn 0.3189 0.7699 0.5528
vn 0.2142 0.5172 -0.8286
vn 0.3539 0.8544 0.3805
vn 0.3110 0.4654 0.8286
vn 0.3945 0.5905 0.7041
vn 0.4630 0.6929 -0.5528
vn 0.3945 0.5905 -0.7041
vn 0.4630 0.6929 0.5528
vn 0.3110 0.4654 -0.8286
vn 0.5138 0.7689 0.3805
vn 0.2155 0.3225 -0.9217
vn 0.5450 0.8157 0.1939
vn 0.1117 0.1671 -0.9796
vn 0.5556 0.8315 0.0000
vn 0.1117 0.1671 0.9796
vn 0.5450 0.8157 -0.1939
vn 0.2155 0.3225 0.9217
vn 0.5138 0.7689 -0.3805
vn 0.6937 0.6937 0.1939
vn 0.7071 0.7071 -0.0000
vn 0.1421 0.1421 0.9796
vn 0.1421 0.1421 -0.9796
vn 0.6937 0.6937 -0.1939
vn 0.2743 0.2743 0.9217
vn 0.6539 0.6539 -0.3805
vn 0.3958 0.3958 0.8286
vn 0.5893 0.5893 -0.5528
vn 0.5021 0.5021 0.7041
vn 0.5021 0.5021 -0.7041
vn 0.5893 0.5893 0.5528
vn 0.3958 0.3958 -0.8286
vn 0.6539 0.6539 0.3805
vn 0.2743 0.2743 -0.9217
vn 0.6929 0.4630 -0.5528
vn 0.5905 0.3945 -0.7041
vn 0.5905 0.3945 0.7041
vn 0.6929 0.4630 0.5528
vn 0.4654 0.3110 -0.8286
vn 0.7689 0.5138 0.3805
vn 0.3225 0.2155 -0.9217
vn 0.8157 0.5450 0.1939
vn 0.1671 0.1117 -0.9796
vn 0.8315 0.5556 0.0000
vn 0.1671 0.1117 0.9796
vn 0.8157 0.5450 -0.1939
vn 0.3225 0.2155 0.9217
vn 0.7689 0.5138 -0.3805
vn 0.4654 0.3110 0.8286
vn 0.1857 0.0769 0.9796
vn 0.1857 0.0769 -0.9796
vn 0.9239 0.3827 -0.0000
vn 0.9063 0.3754 -0.1939
vn 0.3584 0.1484 0.9217
vn 0.8544 0.3539 -0.3805
vn 0.5172 0.2142 0.8286
vn 0.7699 0.3189 -0.5528
vn 0.6561 0.2718 0.7041
vn 0.6561 0.2718 -0.7041
vn 0.7699 0.3189 0.5528
vn 0.5172 0.2142 -0.8286
vn 0.8544 0.3539 0.3805
vn 0.3584 0.1484 -0.9217
vn 0.9063 0.3754 0.1939
vn 0.6965 0.1385 0.7041
vn 0.8173 0.1626 0.5528
vn 0.6965 0.1385 -0.7041
vn 0.5490 0.1092 -0.8286
vn 0.9070 0.1804 0.3805
vn 0.3804 0.0757 -0.9217
vn 0.9622 0.1914 0.1939
vn 0.1971 0.0392 -0.9796
vn 0.9808 0.1951 -0.0000
vn 0.1971 0.0392 0.9796
vn 0.9622 0.1914 -0.1939
vn 0.3804 0.0757 0.9217
vn 0.9070 0.1804 -0.3805
vn 0.5490 0.1092 0.8286
vn 0.8173 0.1626 -0.5528
vn 1.0000 -0.0000 -0.0000
vn 0.9810 -0.0000 -0.1939
vn 0.2010 -0.0000 0.9796
vn 0.3879 0.0000 0.9217
vn 0.9248 -0.0000 -0.3805
vn 0.5598 -0.0000 0.8286
vn 0.8333 -0.0000 -0.5528
vn 0.7101 -0.0000 0.7041
vn 0.7101 -0.0000 -0.7041
vn 0.8333 -0.0000 0.5528
vn 0.5598 -0.0000 -0.8286
vn 0.9248 0.0000 0.3805
vn 0.3879 -0.0000 -0.9217
vn 0.9810 -0.0000 0.1939
vn 0.2010 0.0000 -0.9796
vn 0.6965 -0.1385 -0.7041
vn 0.5490 -0.1092 -0.8286
vn 0.8173 -0.1626 0.5528
vn 0.9070 -0.1804 0.3805
vn 0.3804 -0.0757 -0.9217
vn 0.9622 -0.1914 0.1939
vn 0.1971 -0.0392 -0.9796
vn 0.9808 -0.1951 -0.0000
vn 0.1971 -0.0392 0.9796
vn 0.9622 -0.1914 -0.1939
vn 0.3804 -0.0757 0.9217
vn 0.9070 -0.1804 -0.3805
vn 0.5490 -0.1092 0.8286
vn 0.8173 -0.1626 -0.5528
vn 0.6965 -0.1385 0.7041
vn 0.9063 -0.3754 -0.1939
vn 0.8544 -0.3539 -0.3805
vn 0.3584 -0.1484 0.9217
vn 0.5172 -0.2142 0.8286
vn 0.7699 -0.3189 -0.5528
vn 0.6561 -0.2718 0.7041
vn 0.6561 -0.2718 -0.7041
vn 0.7699 -0.3189 0.5528
vn 0.5172 -0.2142 -0.8286
vn 0.8544 -0.3539 0.3805
vn 0.3584 -0.1484 -0.9217
vn 0.9063 -0.3754 0.1939
vn 0.1857 -0.0769 -0.9796
vn 0.9239 -0.3827 -0.0000
vn 0.1857 -0.0769 0.9796
vn 0.4654 -0.3110 -0.8286
vn 0.3225 -0.2155 -0.9217
vn 0.7689 -0.5138 0.3805
vn 0.8157 -0.5450 0.1939
vn 0.1671 -0.1117 -0.9796
vn 0.8315 -0.5556 -0.0000
vn 0.1671 -0.1117 0.9796
vn 0.8157 -0.5450 -0.1939
vn 0.3225 -0.2155 0.9217
vn 0.7689 -0.5138 -0.3805
vn 0.4654 -0.3110 0.8286
vn 0.6929 -0.4630 -0.5528
vn 0.5905 -0.3945 0.7041
vn 0.5905 -0.3945 -0.7041
vn 0.6929 -0.4630 0.5528
vn 0.2743 -0.2743 0.9217
vn 0.3958 -0.3958 0.8286
vn 0.6539 -0.6539 -0.3805
vn 0.5893 -0.5893 -0.5528
vn 0.5021 -0.5021 0.7041
vn 0.5021 -0.5021 -0.7041
vn 0.5893 -0.5893 0.5528
vn 0.3958 -0.3958 -0.8286
vn 0.6539 -0.6539 0.3805
vn 0.2743 -0.2743 -0.9217
vn 0.6937 -0.6937 0.1939
vn 0.1421 -0.1421 -0.9796
vn 0.7071 -0.7071 -0.0000
vn 0.1421 -0.1421 0.9796
vn 0.6937 -0.6937 -0.1939
vn 0.5138 -0.7689 0.3805
vn 0.5450 -0.8157 0.1939
vn 0.2155 -0.3225 -0.9217
vn 0.1117 -0.1671 -0.9796
vn 0.5556 -0.8315 -0.0000
vn 0.1117 -0.1671 0.9796
vn 0.5450 -0.8157 -0.1939
vn 0.2155 -0.3225 0.9217
vn 0.5138 -0.7689 -0.3805
vn 0.3110 -0.4654 0.8286
vn 0.4630 -0.6929 -0.5528
vn 0.3945 -0.5905 0.7041
vn 0.3945 -0.5905 -0.7041
vn 0.4630 -0.6929 0.5528
vn 0.3110 -0.4654 -0.8286
vn 0.3539 -0.8544 -0.3805
vn 0.3189 -0.7699 -0.5528
vn 0.2142 -0.5172 0.8286
vn 0.2718 -0.6561 0.7041
vn 0.2718 -0.6561 -0.7041
vn 0.3189 -0.7699 0.5528
vn 0.2142 -0.5172 -0.8286
vn 0.3539 -0.8544 0.3805
vn 0.1484 -0.3584 -0.9217
vn 0.3754 -0.9063 0.1939
vn 0.0769 -0.1857 -0.9796
vn 0.3827 -0.9239 -0.0000
vn 0.0769 -0.1857 0.9796
vn 0.3754 -0.9063 -0.1939
vn 0.1484 -0.3584 0.9217
vn 0.0757 -0.3804 -0.9217
vn 0.0392 -0.1971 -0.9796
vn 0.1914 -0.9622 0.1939
vn 0.1951 -0.9808 0.0000
vn 0.0392 -0.1971 0.9796
vn 0.1914 -0.9622 -0.1939
vn 0.0757 -0.3804 0.9217
vn 0.1804 -0.9070 -0.3805
vn 0.1092 -0.5490 0.8286
vn 0.1626 -0.8173 -0.5528
vn 0.1385 -0.6965 0.7041
vn 0.1385 -0.6965 -0.7041
vn 0.1626 -0.8173 0.5528
vn 0.1092 -0.5490 -0.8286
vn 0.1804 -0.9070 0.3805
vn 0.0000 -0.5598 0.8286
vn -0.0000 -0.7101 0.7041
vn -0.0000 -0.8333 -0.5528
vn -0.0000 -0.7101 -0.7041
vn -0.0000 -0.8333 0.5528
vn 0.0000 -0.5598 -0.8286
vn -0.0000 -0.9248 0.3805
vn 0.0000 -0.3879 -0.9217
vn -0.0000 -0.9810 0.1939
vn 0.0000 -0.2010 -0.9796
vn -0.0000 -1.0000 -0.0000
vn -0.0000 -0.2010 0.9796
vn -0.0000 -0.9810 -0.1939
vn -0.0000 -0.3879 0.9217
vn -0.0000 -0.9248 -0.3805
vn -0.1914 -0.9622 0.1939
vn -0.1951 -0.9808 0.0000
vn -0.0392 -0.1971 0.9796
vn -0.0392 -0.1971 -0.9796
vn -0.1914 -0.9622 -0.1939
vn -0.0757 -0.3804 0.9217
vn -0.1804 -0.9070 -0.3805
vn -0.1092 -0.5490 0.8286
vn -0.1626 -0.8173 -0.5528
vn -0.1385 -0.6965 0.7041
vn -0.1385 -0.6965 -0.7041
vn -0.1626 -0.8173 0.5528
vn -0.1092 -0.5490 -0.8286
vn -0.1804 -0.9070 0.3805
vn -0.0757 -0.3804 -0.9217
vn -0.3189 -0.7699 -0.5528
vn -0.2718 -0.6561 -0.7041
vn -0.2718 -0.6561 0.7041
vn -0.3189 -0.7699 0.5528
vn -0.2142 -0.5172 -0.8286
vn -0.3539 -0.8544 0.3805
vn -0.1484 -0.3584 -0.9217
vn -0.3754 -0.9063 0.1939
vn -0.0769 -0.1857 -0.9796
vn -0.3827 -0.9239 0.0000
vn -0.0769 -0.1857 0.9796
vn -0.3754 -0.9063 -0.1939
vn -0.1484 -0.3584 0.9217
vn -0.3539 -0.8544 -0.3805
vn -0.2142 -0.5172 0.8286
vn -0.1117 -0.1671 -0.9796
vn -0.5556 -0.8315 -0.0000
vn -0.5450 -0.8157 -0.1939
vn -0.1117 -0.1671 0.9796
vn -0.2155 -0.3225 0.9217
vn -0.5138 -0.7689 -0.3805
vn -0.3110 -0.4654 0.8286
vn -0.4630 -0.6929 -0.5528
vn -0.3945 -0.5905 0.7041
vn -0.3945 -0.5905 -0.7041
vn -0.4630 -0.6929 0.5528
vn -0.3110 -0.4654 -0.8286
vn -0.5138 -0.7689 0.3805
vn -0.2155 -0.3225 -0.9217
vn -0.5450 -0.8157 0.1939
vn -0.5021 -0.5021 -0.7041
vn -0.3958 -0.3958 -0.8286
vn -0.5893 -0.5893 0.5528
vn -0.6539 -0.6539 0.3805
vn -0.2743 -0.2743 -0.9217
vn -0.6937 -0.6937 0.1939
vn -0.1421 -0.1421 -0.9796
vn -0.7071 -0.7071 -0.0000
vn -0.1421 -0.1421 0.9796
vn -0.6937 -0.6937 -0.1939
vn -0.2743 -0.2743 0.9217
vn -0.6539 -0.6539 -0.3805
vn -0.3958 -0.3958 0.8286
vn -0.5893 -0.5893 -0.5528
vn -0.5021 -0.5021 0.7041
vn -0.1671 -0.1117 0.9796
vn -0.3225 -0.2155 0.9217
vn -0.8157 -0.5450 -0.1939
vn -0.7689 -0.5138 -0.3805
vn -0.4654 -0.3110 0.8286
vn -0.6929 -0.4630 -0.5528
vn -0.5905 -0.3945 0.7041
vn -0.5905 -0.3945 -0.7041
vn -0.6929 -0.4630 0.5528
vn -0.4654 -0.3110 -0.8286
vn -0.7689 -0.5138 0.3805
vn -0.3225 -0.2155 -0.9217
vn -0.8157 -0.5450 0.1939
vn -0.1671 -0.1117 -0.9796
vn -0.8315 -0.5556 -0.0000
vn -0.7699 -0.3189 0.5528
vn -0.8544 -0.3539 0.3805
vn -0.5172 -0.2142 -0.8286
vn -0.3584 -0.1484 -0.9217
vn -0.9063 -0.3754 0.1939
vn -0.1857 -0.0769 -0.9796
vn -0.9239 -0.3827 -0.0000
vn -0.1857 -0.0769 0.9796
vn -0.9063 -0.3754 -0.1939
vn -0.3584 -0.1484 0.9217
vn -0.8544 -0.3539 -0.3805
vn -0.5172 -0.2142 0.8286
vn -0.7699 -0.3189 -0.5528
vn -0.6561 -0.2718 0.7041
vn -0.6561 -0.2718 -0.7041
vn -0.9622 -0.1914 -0.1939
vn -0.9070 -0.1804 -0.3805
vn -0.3804 -0.0757 0.9217
vn -0.5490 -0.1092 0.8286
vn -0.8173 -0.1626 -0.5528
vn -0.6965 -0.1385 0.7041
vn -0.6965 -0.1385 -0.7041
vn -0.8173 -0.1626 0.5528
vn -0.5490 -0.1092 -0.8286
vn -0.9070 -0.1804 0.3805
vn -0.3804 -0.0757 -0.9217
vn -0.9622 -0.1914 0.1939
vn -0.1971 -0.0392 -0.9796
vn -0.9808 -0.1951 -0.0000
vn -0.1971 -0.0392 0.9796
vn -0.5598 0.0004 -0.8286
vn -0.3879 0.0000 -0.9217
vn -0.9248 -0.0002 0.3805
vn -0.9810 0.0002 0.1939
vn -0.2010 -0.0004 -0.9796
vn -1.0000 -0.0000 0.0000
vn -0.2010 -0.0004 0.9796
vn -0.9810 0.0002 -0.1939
vn -0.3879 0.0000 0.9217
vn -0.9248 -0.0002 -0.3805
vn -0.5598 0.0004 0.8286
vn -0.8333 0.0001 -0.5528
vn -0.7101 0.0000 0.7041
vn -0.7101 0.0000 -0.7041
vn -0.8333 0.0002 0.5528
vn -0.5598 -0.0004 0.8286
vn -0.3804 0.0757 0.9217
vn -0.5490 0.1092 0.8286
vn -0.8333 -0.0002 -0.5528
vn -0.9248 0.0002 -0.3805
vn -0.9070 0.1804 -0.3805
vn -0.8173 0.1626 -0.5528
vn -0.6965 0.1385 0.7041
vn -0.6965 0.1385 -0.7041
vn -0.8333 -0.0001 0.5528
vn -0.8173 0.1626 0.5528
vn -0.5598 -0.0004 -0.8286
vn -0.5490 0.1092 -0.8286
vn -0.9248 0.0002 0.3805
vn -0.9070 0.1804 0.3805
vn -0.3804 0.0757 -0.9217
vn -0.9810 -0.0002 0.1939
vn -0.9622 0.1914 0.1939
vn -0.2010 0.0004 -0.9796
vn -0.1971 0.0392 -0.9796
vn -0.9808 0.1951 -0.0000
vn -0.2010 0.0004 0.9796
vn -0.1971 0.0392 0.9796
vn -0.9810 -0.0002 -0.1939
vn -0.9622 0.1914 -0.1939
vn -0.8544 0.3539 0.3805
vn -0.9063 0.3754 0.1939
vn -0.3584 0.1484 -0.9217
vn -0.1857 0.0769 -0.9796
vn -0.9239 0.3827 -0.0000
vn -0.1857 0.0769 0.9796
vn -0.9063 0.3754 -0.1939
vn -0.3584 0.1484 0.9217
vn -0.8544 0.3539 -0.3805
vn -0.5172 0.2142 0.8286
vn -0.7699 0.3189 -0.5528
vn -0.6561 0.2718 0.7041
vn -0.6561 0.2718 -0.7041
vn -0.7699 0.3189 0.5528
vn -0.5172 0.2142 -0.8286
vn -0.7689 0.5138 -0.3805
vn -0.6929 0.4630 -0.5528
vn -0.4654 0.3110 0.8286
vn -0.5905 0.3945 0.7041
vn -0.5905 0.3945 -0.7041
vn -0.6929 0.4630 0.5528
vn -0.4654 0.3110 -0.8286
vn -0.7689 0.5138 0.3805
vn -0.3225 0.2155 -0.9217
vn -0.8157 0.5450 0.1939
vn -0.1671 0.1117 -0.9796
vn -0.8315 0.5556 -0.0000
vn -0.1671 0.1117 0.9796
vn -0.8157 0.5450 -0.1939
vn -0.3225 0.2155 0.9217
vn -0.2743 0.2743 -0.9217
vn -0.1421 0.1421 -0.9796
vn -0.6937 0.6937 0.1939
vn -0.7071 0.7071 0.0000
vn -0.1421 0.1421 0.9796
vn -0.6937 0.6937 -0.1939
vn -0.2743 0.2743 0.9217
vn -0.6539 0.6539 -0.3805
vn -0.3958 0.3958 0.8286
vn -0.5893 0.5893 -0.5528
vn -0.5021 0.5021 0.7041
vn -0.5021 0.5021 -0.7041
vn -0.5893 0.5893 0.5528
vn -0.3958 0.3958 -0.8286
vn -0.6539 0.6539 0.3805
vn -0.4630 0.6929 -0.5528
vn -0.3945 0.5905 -0.7041
vn -0.3945 0.5905 0.7041
vn -0.4630 0.6929 0.5528
vn -0.3110 0.4654 -0.8286
vn -0.5138 0.7689 0.3805
vn -0.2155 0.3225 -0.9217
vn -0.5450 0.8157 0.1939
vn -0.1117 0.1671 -0.9796
vn -0.5556 0.8315 -0.0000
vn -0.1117 0.1671 0.9796
vn -0.5450 0.8157 -0.1939
vn -0.2155 0.3225 0.9217
vn -0.5138 0.7689 -0.3805
vn -0.3110 0.4654 0.8286
vn -0.0769 0.1857 0.9796
vn -0.0769 0.1857 -0.9796
vn -0.3827 0.9239 -0.0000
vn -0.3754 0.9063 -0.1939
vn -0.1484 0.3584 0.9217
vn -0.3539 0.8544 -0.3805
vn -0.2142 0.5172 0.8286
vn -0.3189 0.7699 -0.5528
vn -0.2718 0.6561 0.7041
vn -0.2718 0.6561 -0.7041
vn -0.3189 0.7699 0.5528
vn -0.2142 0.5172 -0.8286
vn -0.3539 0.8544 0.3805
vn -0.1484 0.3584 -0.9217
vn -0.3754 0.9063 0.1939
vn -0.1385 0.6965 0.7041
vn -0.1626 0.8173 0.5528
vn -0.1385 0.6965 -0.7041
vn -0.1092 0.5490 -0.8286
vn -0.1804 0.9070 0.3805
vn -0.0757 0.3804 -0.9217
vn -0.1914 0.9622 0.1939
vn -0.0392 0.1971 -0.9796
vn -0.1951 0.9808 0.0000
vn -0.0392 0.1971 0.9796
vn -0.1914 0.9622 -0.1939
vn -0.0757 0.3804 0.9217
vn -0.1804 0.9070 -0.3805
vn -0.1092 0.5490 0.8286
vn -0.1626 0.8173 -0.5528